[-6.7285526e-01  2.1178536e-01 -1.5628770e-02 -1.8269372e-01
 -9.6261806e+00  8.3974695e-01 -8.7167412e-01  1.0087601e-01
 -5.1166642e-01  2.4238579e-01  9.2967397e-01 -1.8619778e-02
  4.3166667e-01  3.5247773e-01  6.7598903e-01 -2.0051765e-01
 -5.9715182e-01  1.3317438e-02  1.1986463e+00 -4.6519759e-01
 -8.7287581e-01 -1.2159145e+00 -9.4195046e-03 -7.4001098e-01]
[-0.42769292  0.28035533 -0.59666544 -0.02208181  0.7905587   1.078177
 -0.26899308  0.23680475  0.06175607 -0.22889854 -0.0839673   0.43297237
 -0.04283221  0.6397229   0.1542281   0.4294136   0.149479   -0.17575388
  0.9585451   0.13745333 -0.5362444  -1.7460717   0.7182992   0.45770973]
[-0.31948578 -0.04556265 -0.08697867  0.15226537 -0.16935667  0.10899431
  0.08881224 -0.13381797  0.12652615 -0.64014417 -0.3479881   0.07214755
 -0.1366567  -0.27737638  0.04997699  0.43757758  0.09619712 -0.38771984
 -0.1385805  -0.39301673 -0.22277561 -1.1337314  -0.02574442  0.7905764 ]
[ 0.28826272  0.3954928  -0.2789582  -0.1061748  -0.17687422  0.23118155
 -0.32482472  0.02338858  0.09793603 -0.38633597  0.17870772 -0.22058797
  0.9143378  -0.08524875 -0.13766062  0.32498986  0.07021082 -0.2153804
 -0.22479579  0.681845    0.4620634  -0.59909964 -0.2648264   0.32805926]
[-0.2863584  -0.17924939 -0.2584093  -0.021029    0.10947361 -0.50569814
  0.08081592 -0.24342605 -0.22665973 -0.1840214   0.18095925  0.08232047
 -0.5722654   0.06351486 -0.15939374  0.3455472  -0.04553494 -0.0628961
  0.36084372 -0.61752903 -0.20304216 -0.03209631 -0.03983076  0.43719214]
[-0.08267254  0.17241439 -0.34315544 -0.18014249 -0.0162318  -0.13985899
  0.31863958 -0.13158311  0.10726905 -0.7073497  -0.6711051   1.117462
 -0.2424173   0.13217197  0.543699    0.37277818  0.09220564 -0.08874162
 -0.01538339 -0.43203115 -0.501424   -0.5788466  -0.06530464  0.12880218]
[ 0.5630602   0.34279314 -0.43421236 -0.3611199  -0.19226813 -0.4613811
  0.08396517  0.4171357  -0.10832334 -1.0532506   0.1624012  -0.45201758
  0.10040738 -0.01707038 -0.6107564   0.08141537  0.5860095   0.19909142
 -0.4699384   0.26377335 -0.9974135  -0.4958618  -0.03532781  1.0550729 ]
[-5.4614186  -0.05989323 -0.5793075  -0.27124712 -0.78080344 -0.7189376
 -0.02279351  0.5164016  -0.48274973 -0.3045015  -0.28302315  2.4450197
 -0.25153935 -0.24592072  0.4381392  -0.2921004  -0.16464515  1.026331
 -1.510276   -0.06610499 -0.5967524  -0.02445262 -0.14824592 -1.2711369 ]
[-0.08941055 -0.6007299  -0.49118984  0.16685829  1.1808407   1.2783123
 -0.67915314  0.49232873  0.396614   -0.12234323  1.0460256   0.44175926
  0.2896823   0.18848838 -0.6121643   0.36891347 -0.21734947  0.29671928
  0.58445287  0.3482251  -0.15007287 -1.693114    0.6826249  -0.05729057]
[ 1.4880241e-01  1.8800589e-01 -2.2590666e-03 -2.6698935e-01
  3.0566249e+00  4.5623425e-01 -2.5680500e-01  3.3000588e-01
 -4.3620527e-01 -3.4955531e-01 -1.8966509e-02 -6.2504101e-01
 -1.3314953e-01  1.1838433e-01 -3.0543697e-01 -3.8293374e-01
  6.8108195e-01  1.9449607e-01  6.2706995e-01  1.6228896e-02
 -1.0033054e+00 -1.2420652e+00  5.2061379e-01 -4.6122178e-02]
[ 0.16995761 -0.27495176 -0.57562065  0.11622185  0.26122057  0.58176833
  0.0888261  -0.5012614   0.01015758 -0.6610534   0.06284732  0.13264458
  0.09936407  0.08950118  0.19148079  0.31993428  0.10346259  0.03221152
 -0.07245471 -0.12000993  1.325346   -0.33545724  0.36224344  0.12016971]
[ 0.09283647  0.22064412 -0.33023414  0.0523799   0.30953455  0.11895263
 -0.1556248  -0.00282568  0.0956146  -0.10711554  0.21149363  0.16824706
 -0.1519357   0.3952931  -0.21348564  0.88591987  0.24836795 -0.10333913
  0.05563965  0.19488809  0.0912286   0.07180377  0.03709787  0.13145295]
[ 0.16066551  0.01307157 -0.13612477  0.00605393  0.2612839  -0.14709437
 -0.07019469 -0.18781702  0.03974755 -0.15421829  0.15825327 -0.4679326
  0.06728393  0.10447852 -0.32984358  0.34433237 -0.01026     0.39383096
 -0.30950537 -0.12288492  0.13408996  0.4356339  -0.42600328  0.50105613]
[ 0.24077791 -0.251632   -0.18053061 -0.10180759 -0.00115544 -0.72156334
 -0.16328292 -0.4813053   0.4139587  -0.30581445 -0.19496098  0.34196696
 -0.160991   -0.19570911  0.02622707  0.34967566 -0.06106472  0.21984078
  0.04512683 -0.08379207 -0.16107962  0.16963778 -0.6917295   0.9704161 ]
[ 1.8634801   0.51934624 -0.7103739  -0.5665507   0.43764406 -0.4178798
 -0.41460302  0.00243507  0.09384967 -0.6157638   0.05505856 -0.24212691
 -0.07787056  0.01949333  0.3084896  -0.01053453  0.36866435  0.740005
 -0.5780146  -0.33728838 -0.17543678 -0.30274767  0.4133158   0.10676555]
[ 0.6020648  -0.4922045  -0.4369537  -0.1429283   0.2548966  -0.6054745
 -0.3280972  -0.26022798 -0.5256372  -0.95049876  0.26674768  0.36628318
 -0.03569096  0.2796525  -0.51214385 -0.7539943   0.03593826  0.77583927
 -0.7345712  -0.2981078  -0.88768196 -0.25039044 -0.3631097   1.1861165 ]
[ 0.00393134 -0.13344365  0.38436887 -0.3279592  -0.22306742  1.4185894
  0.38433808  0.38410047 -0.48456427 -0.22351895  0.2652692  -0.37486467
 -0.06696247  0.0841048   0.5347716  -0.06008447 -0.15064082  0.50008756
  0.03319475  0.15024059  0.81389415 -0.8943234   1.0520712  -0.11802251]
[ 0.02023626 -0.32912475 -0.00350043  0.11235366  0.23408924  0.70256305
 -0.33016768  0.12615393  0.06159639  0.04377482 -0.25258294 -0.13199265
 -0.02097124  0.08132051 -0.29209122  0.03209337  0.13848089 -0.0302409
 -0.0910594  -0.1331578   1.6977544  -0.5714655   0.17441909  0.5016757 ]
[ 0.05655682  0.2659544  -0.33258837  0.42163175  0.06142703 -0.26133627
 -0.05310151 -0.41884327  0.19632487 -0.3374476  -0.19708292  0.08478878
 -0.27609682  0.5715793   0.15051779  0.36543518  0.07414214 -0.01925776
 -0.42497224  0.21469937  0.61297053  0.04069367 -0.13932596  0.30871877]
[-8.9505441e-02 -5.8497213e-02 -4.6851826e-01  3.5226953e-01
  3.4266289e-03 -1.5683025e-01  1.0325879e-01 -5.2121127e-01
  8.3024085e-02 -1.5305153e-01  5.7067659e-02 -4.9055633e-01
  4.8629463e-01  3.6826733e-01 -1.5052949e-04  6.4269471e-01
  1.0785552e-01  1.6582459e-01  1.2670048e-01  8.3038375e-02
  4.6709660e-01  3.8392359e-01  4.7057235e-01  1.0413669e-01]
[ 0.34332657  0.18325399 -0.25569156  0.07023277  0.08482174  0.3639876
 -0.01575637 -0.5555655  -0.0075855  -0.34173542  0.72725224  0.2029056
  0.13262115 -0.2046173  -0.40041673  0.48876047  0.17935231 -0.0924091
  0.07618175  0.07061365 -0.2399567   0.2531728  -0.18381116  0.156506  ]
[-0.07361233 -0.37947866  0.0603466   0.15761316  0.23714563  0.03015644
  0.1281958  -0.72778845 -0.12013856 -0.0347054   0.07311603 -0.01257879
 -0.2977122   0.11096632 -0.4322853   0.28582063  0.01813647  0.19566499
 -0.4781001  -0.06280803 -0.29749075 -0.07528728 -0.8152494   0.66686463]
[ 0.33775687 -0.00421509  0.04730851 -0.33567122  0.13301659 -0.21896897
 -0.16612926 -0.17256607  0.06166221 -0.02681596  0.5338519  -0.09843604
 -0.3092401   0.04208368  0.12917975  0.46412086  0.14572738  0.44236717
 -0.87473434  0.2776305   0.0731939   0.35705495 -0.5620485   0.742734  ]
[-0.26638228  0.21399218  0.54104894 -0.28271696 -0.00623727 -0.23640911
  0.00668012  0.19932918 -0.03594898 -0.01159665  0.1308463   0.05219839
 -1.325997    0.437985   -0.3749671  -0.12948543 -0.253367    0.35692915
 -0.48945937 -0.07103088 -0.25921735 -0.10547633 -0.6579955   0.8814882 ]
[ 0.12563494 -0.56301844 -0.3652793   0.02766486 -0.14851479  0.37416983
  0.00681233 -0.30270022  0.28197643  0.01882535  0.39236876  0.4189006
  0.18103263  0.1037094  -0.18901928  0.5679417  -0.04561061 -0.5068983
  0.10184494 -0.20566791  0.7863379  -0.3319188   1.0770943   0.177899  ]
[ 0.06889539 -0.02727479 -0.4078828   0.3359908   0.3275575   0.6524068
 -0.22596712 -0.3523043   0.14365257 -0.03033362  0.01978525 -0.23397483
  0.24614005  0.63627034  0.09344205  0.54999524  0.06663944 -0.12878634
  0.3032752  -0.12728623  1.2247152  -0.01636365  0.6255585   0.07064264]
[-0.11979439  0.13379776  0.00122404  0.04989667 -0.06341121  0.27321106
 -0.16125204 -0.5640871  -0.05351306 -0.13999988  0.17465347  0.25877035
 -0.05996697  0.18660301  0.37541828  0.6973296   0.11050248  0.06871694
  0.324161   -0.1590077   0.6824527   0.30512607  0.47316024  0.05879147]
[-0.31302285 -0.19059205  0.02176037  0.47605485 -0.12029396 -0.13193287
  0.17647898 -0.63692313 -0.11938588 -0.03579894 -0.21595758 -0.09408296
  0.28430134  0.5206974  -0.03720234 -0.04704412 -0.03987996  0.15862046
 -0.35351527  0.0494219   0.10593683  0.3256844   0.19802926  0.03503719]
[-0.03416335  0.05554647  0.01562217  0.32711777 -0.03236799 -0.267584
 -0.08303303 -0.8323895  -0.22209862  0.0651077  -0.05847549 -0.24491979
  0.49095654  0.44964227  0.04765648  0.09002531 -0.04506792  0.02061135
 -0.09982871 -0.03679019  0.04099669  0.5776512   0.03803612  0.21943177]
[ 0.4591977   0.17582482 -0.4500439   0.40462947 -0.16902268  0.05950529
  0.46201593 -0.7618673   0.3763427  -0.21028146  0.48227206  0.22954804
  0.72195053  0.24160698 -0.04580736  0.00268418 -0.07428185  0.05283936
 -0.3454289   0.30342686 -0.00195078  0.42601615 -0.66515887  0.12337971]
[ 0.05107967 -0.23564132  0.4835094   0.16437706  0.09761567  0.05204234
 -0.05582795 -0.40276974  0.10406969 -0.17242622  0.16807604 -0.15919323
  0.78739333  0.04367351  0.19438241 -0.0451571   0.20685104 -0.21372251
 -0.3092459  -0.3646647  -0.20203222  0.24036129 -0.67899495  0.50202864]
[-0.16276996 -0.08140606  0.20103052 -0.3898391   0.03164487 -0.39873695
 -0.1284644  -0.0849062   0.15107152  0.21369618 -0.10248752 -0.2843149
 -0.7460833   0.24248528 -0.80621356  0.0999141  -0.04164361 -0.04823222
 -0.02541042 -0.10119482 -0.52046746 -0.0616488  -0.32575214  0.2124063 ]
[-0.25246686 -0.00786268  0.06148836 -0.23609744 -0.07415375  0.35105765
 -0.01994365  0.09841234  0.14636762  0.2818606   0.28244716  0.29857245
  0.1335359  -0.36740592  0.05624553 -0.18792355  0.1213717   0.4761966
  0.11143246  0.44654262  0.10814409 -0.10416108  1.2612334   0.03682282]
[ 0.03557981  0.02873134  0.37144858 -0.11280467  0.3109882  -0.4839352
 -0.04323513 -0.08919694 -0.14279787  0.2687261  -0.67145073  0.10346729
 -0.19017465  0.06701971 -0.01429554 -0.15593238  0.04437862  0.08838649
  0.36568654  0.07947554  0.20398189  0.12085663  0.53009284  0.12301168]
[-0.09486973  0.45631808  0.38023558  0.32788023  0.16259283  0.23819637
 -0.6410657  -0.63730466 -0.0192744   0.4805861   0.23796915  0.61114794
  0.30035     0.07433183 -0.5541048   0.44657376  0.12777501  0.2939841
 -0.14930566  0.09310599  0.53097975  0.37068108  0.09937005  0.12072709]
[ 0.01336465 -0.09689776  0.10488532  0.28305936 -0.02313461 -0.22496577
  0.01258176 -0.68351215 -0.15820684 -0.00878623 -0.40064913 -0.12727867
  0.47876838  0.6384677  -0.05391959  0.07071424  0.0521428  -0.12522468
 -0.23980589 -0.15225354  0.19655518  0.5064566   0.25799766 -0.03789471]
[-0.04676116 -0.09434054  0.1508956   0.5407406   0.1007538  -0.24622893
  0.02867138 -0.6754342  -0.04601625 -0.06928607 -0.25271043  0.18427044
  0.73570603  0.45852685  0.13369492 -0.07533558 -0.02983882 -0.0690099
 -0.13378642 -0.24744679  0.09466571  0.4497102   0.0015542  -0.11866903]
[-0.41861367 -0.03970127  0.76490146  0.13433634  0.19401293 -0.2753535
  0.06627811 -0.77564305  0.14846602  0.5602971   0.26954162 -0.04560284
  0.41923174  0.3456553  -0.42682087 -0.11405186 -0.03274736  0.27711928
 -0.32789892  0.01112266 -0.5048178   0.3118336  -0.7434154   0.3107539 ]
[ 0.09628671  0.065775    0.3238124  -0.03632234  0.23676938 -0.174172
 -0.37261903 -0.4086675  -0.14560378 -0.06664386 -0.11676753  0.30591327
  0.31851834  0.24408194  0.22634336 -0.18576483  0.16274102  0.3061312
 -0.8656297  -0.26305783 -0.48458183  0.05343525 -0.3289543   0.36499313]
[ 0.09085316  0.37141356 -0.2851692  -0.4941798   0.0946508  -0.10285812
  0.18810056 -0.10469855 -0.14186743 -0.13514455 -0.07806488 -0.00160465
 -0.6710878   0.02491343 -0.45745867 -0.65312856 -0.09753232  0.00936288
 -0.6360604  -0.06152783  0.05101406  0.23971842  0.08456814  0.42360273]
[ 0.04830148  0.2603337   0.0441785   0.16564116 -0.04162842  0.33523896
 -0.3297235  -0.20912082  0.04668751  0.10579868  0.25788635 -0.24861568
 -0.13481355 -0.61106414  0.55718946  0.2577359  -0.04155002  0.2082573
 -0.14354232 -0.204988    0.3975113  -0.08418963  0.773071    0.21424852]
[ 0.08626138 -0.17502052  0.20554595 -0.07313865  0.02848041 -0.23987119
 -0.29221362 -0.13527429 -0.18555225  0.31603476 -0.19040087  0.15102714
  0.39984316 -1.2447605   0.36452386  0.16547993  0.15775926  0.305783
 -0.10931204  0.24603222  1.1625625   0.0250218   0.27462023  0.13090444]
[ 0.00186904  0.02097176  0.14528215  0.30928025  0.00707893 -0.04046591
 -0.27827772 -0.6076837  -0.12145603 -0.10743637 -0.31928903 -1.1077955
  0.12624064  0.1374236   0.11635164  0.01135995  0.0032744  -0.27963367
 -0.64973134 -0.18782161  0.90921104  0.08029655  0.44721997 -0.5228198 ]
[-0.17390908 -0.26037872  0.5017309   0.21985078 -0.06169065 -0.5040622
 -0.1552088  -0.67711735  0.22742511  0.3426349   0.02369906  0.04493643
  0.06784169  0.4710302  -0.31575656 -0.6387794   0.08074232 -0.16464424
 -0.10910539  0.45745945 -0.21177801  0.58035463  0.07277825 -0.2506598 ]
[ 0.02906981 -0.3262337   0.53476405  0.11432536  0.16144626 -0.17433506
 -0.21213152 -0.8066669  -0.16656154 -0.10530394 -0.06588854 -0.14555867
  0.267331    0.59628105  0.4628651   0.03542196  0.1615347  -0.05956608
 -0.24404584 -0.2774269   0.05153669  0.56364423 -0.128026    0.03486323]
[ 0.19926369  0.26149136  0.2999813   0.17124487  0.05594128 -0.02277551
 -0.06977828 -0.81651944  0.26731852  0.15922672 -0.4724103   0.48160955
  0.3126902   0.01010117 -0.09611356 -0.46209612  0.10287625  0.06971797
 -0.52736413  0.3631118  -0.5269109   0.35221577 -0.2827883  -0.07947492]
[ 0.20700769  0.08919681  0.9117821  -0.41765633  0.06108653  0.04308406
 -0.28119373 -0.34160152  0.00616601  0.35996023  0.13872343 -0.3125137
  0.05131118  0.21307567  0.78881407 -0.05635661  0.17404751  0.17169122
 -0.24107885 -0.04598076  0.2172375  -0.03200282 -0.84797275  0.347477  ]
[-0.13185748  0.03145504 -0.2076222  -0.9199437  -0.19343488 -0.14702426
  0.40053135  0.00763683  0.09541535  0.11353072 -0.0245425   0.3437616
 -1.571879   -0.5026875  -0.67731017 -1.0791909   0.08133129  0.06023761
  0.18388689  0.34155425 -0.5444833  -0.01750093 -0.13690601  0.59577173]
[-0.24313793  0.7808712   0.22115135 -0.57807934  0.13602595 -0.02207798
 -0.34312955  0.14431682 -0.26110935  0.26953653 -0.12605053 -0.17469253
  0.234469   -0.17088792 -0.01133885  0.20274912  0.48524696 -0.10711327
  0.7814078   0.06311293 -0.99961174 -0.10741491  1.2544087  -0.22245239]
[ 0.02198941  0.82092863 -0.03027979 -0.49585608  0.23480834 -0.69328105
 -0.1679232   0.8951611   0.32411578  0.07478464  0.42821923  0.25679854
  0.15597148 -0.19984964  0.26436326  0.73638725  3.5857344   0.39884144
  0.42179963 -0.4501001   0.06888732 -0.45038652  0.24438117 -0.3037737 ]
[ 0.15554823 -0.38301006  0.3929631   0.20324358  0.05617537 -0.07838293
 -0.86164445 -0.3355223  -0.02778198  0.27811888 -0.37601605  0.13609354
 -0.03861548 -0.73730946  0.02347544  0.18548034  0.3645938  -0.47343588
 -0.17179948 -0.21130584  0.29668364 -0.299475    0.14146036  0.2528117 ]
[-0.13783544 -2.1667657   0.28777027  0.05887411  0.14198047 -0.10031424
 -0.8634676  -0.4815863  -0.04511639  0.05002295  0.7264425   0.37356272
  0.27678055  0.05638332 -0.01959671  0.12152065  0.03740925  0.22533752
 -0.04081015  0.18414398 -0.23152632  0.10611028 -0.26460493  0.05329825]
[-0.19604608 -0.5062158   0.5860462   0.09768271  0.12073331 -0.36780488
 -0.41263646 -0.6076151   0.09660784  0.4067366  -0.31107223  0.03588744
  0.79196846  0.54825425  0.34930366  0.00723921  0.03111779 -0.02263257
 -0.4441577   0.30455256  0.19714306  0.37981462 -0.07696518  0.12066062]
[ 0.09749976  0.15792435  0.18968348 -0.34769768 -0.03431944 -0.04664533
 -0.74520165 -0.42424038  0.23815233  0.3637252  -0.1652407  -0.32917294
 -0.03823478 -0.492652    0.01676216 -0.09485076  0.02758017 -0.09936503
  0.3161753   0.23293485  0.0370079  -0.11847326 -0.6122155   0.33048558]
[ 0.21893157 -0.21416277  0.2414131  -1.1196691  -0.06174115 -0.3076362
 -0.55168563  0.87871104  2.074192    0.16514777  0.5968681   0.2906992
  0.0191089   0.34268093  0.5761461  -0.52823925  0.6048584   0.3896122
  0.24323052 -0.57900375 -0.1261795  -0.14940734  0.16115618 -0.25984192]
[-0.21478301 -0.03069681  0.06653927 -1.0226483  -0.14313266 -0.31835175
 -0.6507255   1.0677979   1.1102625   0.22820012  0.29269645  0.351527
  0.04725805 -0.22810665 -0.855882   -1.6978413   0.29943806  0.7111042
  0.29561406 -0.02677939 -0.201272   -0.07253658 -0.48380706  0.48181924]
[ -0.28950197   1.0802296    0.15558203   0.05856779  -0.36463207
  -0.52583134  -0.6732483    0.03103121  -0.4073075   -0.19727246
   1.1065726   -0.5930358    0.36702675  -0.7267077   -0.07081008
   0.68936986 -10.343321    -0.38456127   0.15115662  -0.14809099
  -1.3776047   -0.24949494   0.6605067    0.21919408]
[-0.25219497  1.231024    0.69215953 -0.10586978  0.3175125  -0.46347067
 -1.1947228   0.43617362 -0.96768796  0.3277887  -0.02730061  0.12556267
 -0.123961   -0.34862956  0.1877378  -0.12540744  0.7057477   0.61549234
  0.45270866 -0.08040886 -0.3564569  -0.36131686  0.7376317   0.12402651]
[-2.51221955e-01  1.27751613e+00  2.72343248e-01 -5.79932868e-01
 -1.88031524e-01 -4.08903629e-01  8.29437971e-02 -5.29723130e-02
 -2.94638276e-02 -2.31385306e-02 -5.15420914e-01 -2.25244671e-01
  5.46544969e-01 -7.32272446e-01  1.51223466e-01  1.20171346e-01
 -4.13026027e-02 -2.67363548e-01  9.39575016e-01 -3.70963335e-01
 -7.19738364e-01  1.14624612e-01 -2.80177712e-01 -3.61874670e-04]
[ 0.20442776  1.3539131   0.42932335 -0.40393543  0.10416954 -0.49980912
 -0.0108701  -0.06621598 -0.31593373  0.79944307  0.06562468 -0.4116874
  0.2612182  -0.8345168  -0.35812375  0.26360413 -0.06391034  0.45101953
 -0.10796627 -0.15251683  0.35983437 -0.04303877  0.4528136  -0.42637673]
[ 0.15304342  0.2869029   0.72780603 -0.3429288  -0.12449076 -0.02157857
  0.12739293 -0.6925648   0.02755349  0.5635232  -0.16614734  0.474755
  0.19954377 -0.41656238  0.62892085 -0.08536227  0.02080557  0.18162122
  0.32674462  0.07228205 -0.25764912  0.15067892 -0.4116505  -0.12541825]
[ 0.12182348  0.5041976   0.21061426 -0.4978917   0.01838121 -0.19945805
 -0.41973007 -0.08493407 -0.03420011  0.35925904 -0.15368102  0.25295237
 -0.3159261  -0.71120495 -0.3049991  -0.27817634 -0.27641323  0.00405187
  0.9079628  -0.30188084 -0.17436191 -0.26204887 -0.21678588 -0.08451256]
[-0.11058179  0.10457447  0.024793   -1.420736    0.03823456 -0.12336102
 -0.9929555   0.7737427   0.89467525  0.5948511  -0.47879118  0.04623146
  0.44653928 -0.61932385 -0.85330856 -2.082775   -0.28203666  0.73246473
  0.11113793 -0.18009086  0.14822029 -0.02069608 -0.37887895 -0.07704198]
[-0.3770577  -1.4088279  -0.48915446 -0.01466051  0.20637149 -0.08946432
  0.7589626   0.31858337 -8.35749    -0.11321355  0.09658894 -0.23116589
  0.6608086  -0.19936809 -1.6783725  -0.90924656 -0.78908426  0.6460583
  0.7262952  -0.33124462 -0.32666442  0.0107091  -0.4207818  -0.20767434]
[ 0.40004018  0.1858485   0.18086942  0.45721415  9.545745    0.9141487
 -0.05415898  0.17763616  0.1371616   0.11637389  0.30264384 -0.887586
 -0.30186984  0.01559624  0.1460955  -0.2598496   0.29873362  0.82761604
  0.84957397 -0.616718   -0.08491307 -1.3481703   0.22186999  0.5732184 ]
[ 0.32395107 -0.4337154  -0.02620092 -0.07401241 -1.0140175   0.6932009
  0.41260397  0.4249191  -0.04159507 -0.5303197   0.6063438  -0.53279763
  0.04576196  0.07702718  0.5466493   1.3524221  -0.11018589 -0.9667018
  0.09857709 -0.4271294  -0.8592881  -1.3558406  -0.23056473 -0.02031761]
[ 0.48146465  0.291965   -0.4375299   0.07339923  0.10205188  0.17692429
 -0.14489587  0.18605244 -0.04780262 -0.5224137  -0.03796337  0.5617032
  0.21253632  0.15857834 -0.41256365  0.5132481   0.16544202 -0.45002502
  0.5241708   0.04651266 -0.30221066 -0.7888857   0.3999183  -0.6842536 ]
[-0.35803318 -0.11333399  1.15624     0.34212124  0.11855703  0.5665238
  0.32605526  0.22028507 -0.16697161 -0.5560751  -0.30187935  1.2210857
  0.23168807 -0.24426909  0.27313894  0.06240736 -0.0653649   0.09091152
 -0.19378687 -0.05747589  0.58816034 -0.30437627  0.23866853 -0.14348352]
[ 0.15788518 -0.17689818 -0.40814745 -0.31492284 -0.01328373 -0.02224301
  0.01976045 -0.14738263  0.3314477  -0.23955823 -0.05347503  0.15453269
 -0.14545062 -0.21716236  0.43055347 -0.0044786  -0.06824872 -0.84623146
  0.5441498  -0.16436039 -0.51619303  0.07510095 -0.60102355  0.19110458]
[ 0.28574526  0.17708921 -0.39765483  0.31559116 -0.03383562 -0.57162946
 -0.23463011  0.69456464 -0.0507561  -0.72271156 -0.28494292  0.8343311
  0.18503733  0.22087672  0.04418146  0.09062271  0.03136113 -0.45094094
 -0.28303456 -0.45019478 -0.75501287 -0.76925373 -0.5825932   0.17748256]
[-8.7551141e-01  1.8783677e-02 -7.6047325e-01 -3.6316088e-01
  8.3713681e-02  3.7042886e-01 -1.0438530e-03  6.8892306e-01
  1.6523238e-01 -7.9146600e-01 -3.5538059e-01  1.8138102e+00
 -1.2205490e+00 -1.4626005e-01  4.1104585e-01 -1.9511649e-01
 -2.6941937e-01 -2.0967549e-01 -3.3872771e-01 -2.0338787e-01
  2.7368543e-01 -1.8519825e-01 -2.6506138e-01 -8.3080679e-01]
[ 5.422815   -0.24461862 -0.52114236  0.09310437  0.3438565  -1.1724207
  0.57117456  0.16943713  0.30911833 -0.47323123 -0.981612   -0.28395128
  0.31016383 -0.03608259  0.3435801   0.44991785  0.24513464  0.91278565
  1.22297    -0.8923162   0.34432033 -0.1148209  -0.2966402   0.6356508 ]
[-0.14507797 -1.0845165  -0.52878016 -0.1367572  -1.3558697   0.8496649
  0.07445288  0.8301599  -0.29072613 -0.29693347  1.2425902   0.01430692
 -0.0335592  -0.29535058  0.24181287  0.733541    0.48969963 -0.636133
 -0.24670386 -0.07699179 -0.17001772 -1.1910684  -0.00517252 -0.8981055 ]
[-4.1884787e-02  1.3064647e-01 -5.5076253e-01  4.9080381e-01
 -3.1072326e+00  2.4682905e-01  4.3359444e-01  8.8758034e-01
 -9.6896626e-03 -3.5762322e-01  7.3778290e-01 -2.3118366e-01
 -7.0439214e-01 -2.6657498e-01 -1.7755928e-02 -2.1949442e-01
 -3.3877707e-01  1.7496889e-03  1.7271288e-01 -2.5359708e-01
 -6.0846341e-01 -6.8812126e-01  3.8837299e-01 -2.7822000e-01]
[-0.10650869 -0.00927611 -0.3416273   0.06904925 -0.1646215   0.39003262
 -0.04053069 -0.226697   -0.12827818 -0.8665563   0.41675508  0.25678673
  0.08788347  0.07837795  0.23813348 -0.12833895 -0.14735682 -0.79393005
  0.15172715  0.0349221   0.80809104  0.35374203  0.47859734 -0.15543857]
[ 0.12122709  0.15902483 -0.06417012 -0.08287002 -0.2685295   0.21100774
 -0.10931439  0.1679709   0.08848997 -0.37402022  0.6124008   0.24475704
 -0.07540144  0.32736337 -0.24497817  0.24352495 -0.03906835 -0.8076667
 -0.5176988  -0.04701529  0.07006128  0.52131087 -0.38012153 -0.28366432]
[ 0.11012661  0.01034706  0.21878546  0.21851769 -0.26320824  0.2910616
  0.00288339  0.12159567 -0.22776876 -0.07430173  0.10812758  0.8159666
  0.08451047  0.22797135 -0.16930833 -0.07919149 -0.0260972  -0.36137936
  0.10629332 -0.28173524 -0.15881616  0.5359791  -0.38261154 -0.47104037]
[-0.31183788 -0.23382275 -0.24120525  0.02781281 -0.05921273 -0.4221916
  0.4281086  -0.21994126 -0.02363907 -0.06146351 -0.21738246  0.86216015
 -0.16751114 -0.07823661 -0.11978801  0.45164666 -0.18280086 -0.8465232
  1.2215377   0.06161634 -0.14581227  0.04184642 -0.43755022 -0.11776222]
[-1.8734261  -0.19528198 -0.3473045  -0.0352434  -0.41695717 -0.34039012
  0.73460186  0.5004178  -0.10202737 -0.73298424 -0.05186458  0.9225256
 -0.5035068  -0.5158925   0.51558137  0.44288006 -0.39731082  0.08059265
  0.01110403 -0.90864193  0.5355461   0.15079528 -0.24620269 -0.46853724]
[-0.73714006 -0.5293686  -0.6655549   0.532309   -0.27222177 -0.51456755
  0.58106726  0.1512468   0.71447074 -0.32120305 -0.12669824  0.8743568
 -1.0045192   0.4342906   0.07901407  0.60576147 -0.38220105  0.5270701
  0.910169   -0.7030782  -0.12925978 -0.12891243 -0.65127736 -1.0188007 ]
[-0.44438198  0.08750562  0.07379407  0.14812142  0.29130417  0.94512343
 -0.26638478  0.7534896   0.36017275 -0.15428373  0.56242216 -0.41110307
  0.18321915  0.1741889   0.17508136 -0.02782969 -0.02722442  0.12282933
 -0.22424985 -0.19074802  0.5179525  -0.61834383  1.2241116  -0.43641925]
[-0.17001794 -0.31547058  0.12068325 -0.00814999 -0.33778012  0.16393766
  0.48581338  0.30080464  0.1151126   0.03240888  1.6149356   0.10359835
  0.19302309 -0.00456047 -0.21499306  0.1431212  -0.21733299 -0.29570284
 -0.824637   -0.23160261  0.5485102   0.15082265 -0.08220308  0.0257034 ]
[ 0.09402046 -0.32064176  0.12184385  0.04121273 -0.2483106  -0.3818619
  0.15163729 -0.13846925  0.09357091 -0.2565129   0.26602137  0.4510602
 -0.08193628  0.31940645  0.67845815  0.23818366  0.06834558 -0.8007561
 -0.20316002  0.6836316  -0.48115206  0.4372995  -0.38889173 -0.41459948]
[ 0.15496366 -0.06759117  0.24963501  0.46612155 -0.00707408  0.09673787
  0.09696376 -0.15792353 -0.13416098 -0.18988274 -0.09697754 -0.06305321
  0.03055524  0.20678052  0.2197162  -0.260677   -0.06552466 -0.65716046
  0.0230539   0.2853589  -0.04617544  0.62864655  0.3236092  -0.30716926]
[ 0.19962852  0.23945037  0.2642395   0.30479687  0.02729525  0.6393487
  0.06885697 -0.1491001  -0.01107866 -0.3312459   0.43837112  0.6064367
 -0.00768994 -0.26379034 -0.31650147  0.39927042 -0.0315961  -0.4024338
 -0.0362142  -0.31370658 -0.07733961  0.5118465  -0.22538279  0.0147292 ]
[-0.02628762 -0.44045347  0.04412665  0.33172822  0.00407862  0.19352879
  0.08326694 -0.3029183   0.08950406 -0.02103319 -0.04678591  0.8980734
 -0.19317016  0.12390742 -0.46855175 -0.16877466 -0.16382052 -0.02562234
  0.07812543  0.31960434 -0.10212522  0.23391916 -0.28504527 -0.18355289]
[-0.2398788   0.20889716 -0.03857988 -0.32207483 -0.15154186 -0.08057104
  0.23820573 -0.0601561   0.07213194  0.08109163  0.45489863  0.7525671
 -0.09365297  0.13291381  0.07602607  0.08973008 -0.14196017 -0.19998337
  0.33624387  0.6548919   0.3034542   0.56996757  0.06591192 -0.57400364]
[ 0.23428826 -0.22762169  0.00843424 -0.5654266  -0.0138196  -0.43239325
  0.16409136  0.56949836  0.2148252  -0.03472649 -0.21471891 -0.06008611
 -0.88155335  0.24029559 -0.36115155 -0.65310717  0.00476009 -0.35531542
  0.23570862  0.56234276 -0.29434526 -0.08303186 -0.38554147  0.04936759]
[ 0.04598359 -0.22335863 -0.31558597  0.05452626  0.35365602  1.2786665
  0.12269641  0.1330517  -0.0236183   0.18556564  0.8635504   0.147653
  0.02366248 -0.15901703  0.4171985   0.4121159  -0.08939959 -0.1964351
 -0.5681991   0.6798035   0.10283759 -0.35026783  0.09615649 -0.17208315]
[ 0.04241261  0.02194099 -0.3232563   0.5802108  -0.35134274  0.7257381
  0.04787917 -0.04849013 -0.30934545 -0.11300949  0.61026436 -0.33030617
  0.21463546  0.3460816   0.33314767  0.14973362 -0.1283399  -0.39360815
  0.11529864 -0.01328858  0.3079254   0.43854544 -0.45628178 -0.22760558]
[ 0.06378073  0.14450912  0.2110311   0.31782216 -0.09169789  0.54610425
  0.02511733  0.04407437 -0.06749251 -0.22808266  0.8061113  -0.06804141
  0.03271953  0.02532922  0.45274773  0.12069425 -0.0738061  -0.21682629
 -0.18090498 -0.13299279 -0.00965348  0.60902894 -0.3664905  -0.13923767]
[-0.15759465 -0.0507682   0.05059874  0.56285304 -0.18763725 -0.05475626
  0.105097   -0.35530153 -0.16763313 -0.04218666 -0.20260999 -0.10812475
  0.14699587  0.3871956  -0.0012962  -0.19040546 -0.04926702 -0.1930125
 -0.17516842  0.07723197  0.18023881  0.69995904  0.01458352  0.03310855]
[-0.23737347  0.0110356   0.19681256  0.4910601   0.00977838  0.0724346
  0.00401889 -0.34627655 -0.07086281  0.18501902 -0.42945957  0.23620614
 -0.04671497  0.12720153  0.03069352 -0.17390549 -0.06789911 -0.29860485
 -0.42696592  0.17472157  0.19506624  0.5198109  -0.14537974 -0.03839862]
[ 0.20675707  0.05389924 -0.33665073  0.51158565 -0.09855619  0.37030998
  0.5436468  -0.4990907   0.17573377  0.02748375  0.28171772  0.5440684
 -0.09591582  0.26775938  0.25063515  0.04045751  0.03878254 -0.27811092
  0.08900117  0.09126863  0.09581547  0.6351332  -0.73996717  0.27497602]
[ 0.04075459 -0.09334937 -0.20745996  0.2137618  -0.14604245  0.13625658
  0.25833365 -0.17335398 -0.14972498  0.13381638  0.10522236 -0.00932415
 -0.84850615  0.0627213  -0.26772186  0.12272605 -0.34047967 -0.28525662
  0.37335488  0.2650271   0.94444185  0.25627038 -0.18559663 -0.05253842]
[-0.03929861  0.29304132  0.11241224 -0.68364835  0.04775426 -0.41062182
 -0.16593368  0.36637032 -0.04937554  0.32593983  0.09445519  0.09400568
 -1.3215016  -0.03290406 -0.5045219   0.14014466 -0.03246795 -0.31120455
  0.01220246  0.32451764  0.36894277  0.21572661 -0.5643268   0.28698024]
[ 0.3739874   0.4672512   0.19322497 -0.16473006  0.0263421   0.29269508
 -0.05043529  0.2885602  -0.22037019  0.0559842   0.01372787 -0.36028138
 -0.12710026 -0.41005588  0.08610452  0.19854149 -0.1387702   0.28159416
 -0.4171582  -0.38006794 -0.32049632  0.29776606  0.2761495   0.07166068]
[ 0.02805314 -0.17599797  0.03041819  0.04896526 -0.31403327 -0.1822395
  0.09585112  0.23432186 -0.22011295  0.2817519  -0.26716056 -0.3816111
 -0.01993812  0.11467709  0.15118526 -0.15515745 -0.25335148 -0.07175323
 -0.59750414  0.02612763 -0.23841375  0.1861744  -0.33536667 -0.03843629]
[-0.19260417  0.8054757   0.24898593  0.5080781   0.03224372  0.47670096
 -0.28737617 -0.31694552 -0.16675034  0.62044406  0.33399135  0.31961718
  0.35890862 -0.06503893 -0.24437429  0.24317066 -0.10753872 -0.0523201
 -0.42502797  0.14213538 -0.3112594   0.63702846 -0.7618957   0.14482859]
[-0.07406469  0.3180579   0.00354265  0.53237796 -0.02614273  0.10254307
 -0.03454427 -0.49526125  0.04855514 -0.01914449 -0.24382101 -0.15098247
  0.15484026  0.36858466  0.10123708 -0.06525171  0.09896582 -0.28572464
 -0.10187372  0.48673144 -0.00677011  0.5131624   0.10035406 -0.18146674]
[-0.24329956 -0.18121356  0.3438073   0.7062846  -0.12226968 -0.04152885
 -0.17151055 -0.15229456  0.18056391 -0.1021683  -0.08542418  0.05478931
  0.1951376   0.1660095  -0.11459824  0.14689225  0.03534437 -0.07657461
 -0.23784791  0.25193316  0.2784406   0.8271998   0.12901834 -0.1083032 ]
[-0.16795248  0.16182111  0.43075824  0.6343522  -0.09227894 -0.2454179
 -0.06865789 -0.23508109  0.05628769  0.57525283  0.28528678  0.05774975
  0.2912      0.28025243 -0.7582244   0.14294468 -0.14634834  0.45589414
 -0.22878888  0.04595481 -0.29899734  0.4801591  -0.5927745   0.3123518 ]
[ 0.07073222  0.23502699  0.24206384  0.22705062 -0.02059036  0.02327449
  0.32135525 -0.02847442 -0.1299685  -0.06547055 -0.24116606  0.23435505
 -0.52619976  0.12026937 -0.5579993   0.21632215 -0.28377998  0.30769104
 -0.45770767  0.16319051  0.10894436  0.07118771 -0.33440277 -0.43098572]
[ 0.14054322 -0.04994314 -0.19405799  0.12999187  0.01560896  0.10552945
 -0.12459203  0.16321369  0.04239831  0.01272543 -0.2024839   0.40009153
 -1.0893275  -0.07633553 -0.17569561  0.0443495  -0.04973931  0.35503787
  0.21521555 -0.08048286  0.19565175 -0.23289713 -0.42566636 -0.3959241 ]
[ 0.15009297  0.34175774  0.00603102 -0.04356446  0.10829498  0.6730441
  0.464497    0.1074318  -0.00604944  0.15670916  0.48758873  0.06294052
  0.34291035 -0.16234465  0.32553193 -0.65257585 -0.08395777 -0.05159126
 -0.03912078  0.3850857   0.05983001 -0.00313216  1.1713912  -0.32619044]
[-0.05833155  0.52705723 -0.12673087 -0.04853227  0.04969501  0.39489138
  0.00883941  0.3031796  -0.25480378  0.54524887  0.10370093 -0.02930592
  0.44606528 -0.7807435   0.1741384  -0.67376035 -0.18756032 -0.00764104
 -0.7120495   0.36678207  0.42071846  0.16493441 -0.00287235 -0.5389517 ]
[-0.02319501  0.55667746  0.12012828  0.22254884 -0.01173658  0.23094189
  0.40261087 -0.14734302 -0.22508287 -0.16905014  0.270874   -1.04602
  0.30138835 -0.06012654  0.38376352 -0.32634753  0.09239615 -0.26288176
 -0.7091948   0.42121735  0.73013467  0.18144777  0.05922207 -0.59399945]
[-0.2804887  -0.4684059   0.14260985  0.7196129  -0.10815313 -0.2350489
 -0.2657746  -0.19369696  0.03164459  0.25313047 -0.44999963 -0.02143384
  0.15639937  0.09036424 -0.2140917  -0.4144962  -0.12240243 -0.02469356
 -0.36885962  0.5162824  -0.08571677  0.5985041  -0.4201157  -0.05970621]
[-0.1421342   0.20759068 -0.30596012  0.8443188   0.09994189 -0.01898212
  0.02074709 -0.45588425 -0.02415875 -0.06529994 -0.46016172 -0.11702137
  0.23013146  0.11153379  0.02794035  0.34721214  0.03870666  0.10835876
 -0.2302201   0.04628347  0.5409231   0.6816192   0.11521539  0.13461056]
[-0.02628123 -0.00197971 -0.05613384  0.5529648  -0.11234465 -0.10618331
  0.09961505 -0.11878366  0.23045999  0.36644527 -0.19823474  0.24915624
  0.4168406   0.12448941 -0.2690069   0.14742905  0.05951993  0.24905734
 -0.21961564  0.5367733  -0.4197058   0.25533676 -0.54595065 -0.26599035]
[ 4.1647717e-02 -8.2634427e-02 -2.4240814e-01  1.4923167e-01
 -1.5263389e-01 -2.9744732e-04  5.3612518e-01  2.6492280e-01
 -2.5699863e-01  4.6088925e-01  3.8114566e-01 -4.1968009e-01
  4.1588554e-01  3.5461509e-01 -1.5761158e+00  2.1136536e-01
 -4.5213338e-02 -2.3206832e-01  1.1804755e-01  3.1749856e-01
 -4.6681408e-02 -3.1691857e-02 -4.4807148e-01 -2.5250757e-01]
[ 0.49436018 -0.20756868 -0.35439965 -0.81283474 -0.02223903 -0.43740764
 -0.32673085  0.71341723  0.42238328 -0.2475517  -0.02069048 -0.17359877
 -1.5288469  -0.19980104 -0.70363224 -1.2201816  -0.2555293   0.5037593
  0.327428    0.40883598 -0.13974798  0.54067886  0.40032655  0.27341726]
[ 0.41597545  0.51707584  0.32988167  0.04686759 -0.19377479  0.03634379
 -0.1868803   0.7119441   0.12859021  0.15359643 -0.18497284 -0.7827296
 -0.12213331 -0.5162761   0.34383857  0.82260853 -0.55360866 -0.38375548
  0.80968577 -0.47849372 -0.5196552  -0.08552483  1.1453412   0.23279278]
[-0.4066668   1.8888055  -0.3456816  -0.15366647 -0.50928867 -0.30987033
  0.18507442  1.3421024  -0.37697092  0.1215451   0.15321952 -0.17518917
 -0.3257639  -0.16579334  0.6292626   0.94514346 -2.9171047  -0.22579528
 -0.08640934 -1.0693942   0.00484407 -0.23696558 -0.47263798 -0.39303154]
[-0.05006137  2.1115177  -0.28867733  0.08195096 -0.15950367 -0.23688753
  0.67497045  0.24109083  0.03818495  0.25000194  0.28744486 -0.2998175
  0.21057205 -0.25649855  0.26914614 -0.06827775 -0.14744925 -0.38698748
 -0.3751136   0.09290419  0.1023507   0.13260494  0.1923793   0.01860125]
[ 0.02729093  1.5963141  -0.00317372  0.28647625 -0.06503505  0.42327237
  0.9277402  -0.21120532  0.17382063  0.16933393  0.1208333   0.04593341
  0.16224848  0.03852092 -0.1511735   0.26498    -0.20586768  0.33963966
 -0.37686077  0.19655707 -0.14573681  0.21461076 -0.5717354   0.13052881]
[ 0.07152823  0.1708673   0.19655895  0.52228975 -0.12579283 -0.39583823
  0.86428654 -0.15332752  0.02233945  0.4319243   0.03732014  0.08543824
  0.5696521   0.07357503  0.33262122  0.2476514  -0.01975663 -0.00253369
 -0.7009542   1.0159886  -0.10108564  0.49521077  0.00111889 -0.28996179]
[ 0.13952556 -0.14120385  0.07325073  0.11972824 -0.29022014 -0.2306724
  0.4519021   0.1052706   0.10317788  0.49670914  0.05418925 -0.02655519
  0.1296428  -0.58356106 -0.73987365  0.77003014 -0.23832692 -0.00636061
  0.336118    0.05848466 -0.00445102 -0.08022656 -0.08309212 -0.3341312 ]
[-0.35355937 -0.35407746 -0.36105287 -0.66033936  0.32785594  0.10846306
  0.9391882   1.2231729  -1.8640254   0.37232336 -0.10984325 -0.2148429
 -0.20562899  0.4488139  -1.1920296   0.53995186 -0.5028436   0.5169248
 -0.09888539 -1.5808322  -0.41896886  0.15693732 -0.19118889 -1.2805117 ]
[ 0.28884834 -0.7985964  -0.11070023 -0.21796712  0.00601159  0.4807246
  0.92620295  1.2036464  -0.8096893   0.18371746 -0.7880532  -0.17370208
 -0.09845792 -0.22042768 -1.9863514  -0.7932991  -0.41698664  0.35204652
  0.75812805 -0.4964084   0.5568247   0.02176666 -0.6688504  -0.25256512]
[-0.22138971  1.3666248  -0.35997006  0.04067226  0.58349377 -0.1412385
 -0.76345336 -0.08073899  0.41152406 -0.07386858  0.32555977 -0.26325688
 -0.48242244 -0.8807273  -0.20576638  1.0238159  10.028141   -0.18587223
 -0.4127098  -0.9646798  -0.2973988  -0.23007803  0.2408997   0.15827526]
[ 0.8419201   2.8227427   0.6479324   0.29784366 -0.4956843   0.14646085
  1.3786842   0.91816616  0.5103516   0.25926006 -0.3064787  -0.5077308
  0.2718419  -0.1148937   0.5049289  -0.30481553 -0.5421826   0.14942226
  0.41638857 -0.6982846  -0.15170178 -0.21954861  0.60498625 -0.99414855]
[ 0.3503485   1.8374227  -0.2581192  -0.5973174   0.2601351  -0.95825464
 -0.11660147  0.35889366  0.09193277  0.01771752 -0.27101803 -0.262729
 -0.25315854 -0.46029854 -0.10993458  0.59350735  0.12823677 -0.07785648
  0.23341827 -0.33963516 -0.04570812  0.49161312  0.52017105 -0.26470196]
[ 0.26052687  0.48737884  0.4204428  -0.33118805 -0.01703067  0.05649468
  0.16882008  0.13002844 -0.14340048  0.8608592   0.03305001 -0.2438042
  0.08534034 -1.0327398   0.14926812  0.06548087  0.23769152  0.36924532
 -0.1685954   0.0658643   0.08340114  0.10564415 -0.40272433 -0.45168012]
[-0.2361645  -0.03732079 -0.03176361  0.47701728  0.08015852 -0.05279252
  0.09281686 -0.00970718  0.19802338  0.5411116  -0.27726015 -0.47804362
  0.3030132  -0.5315159  -0.06195487  0.28146896 -0.15007782  0.00066625
  0.23506072  0.16309316 -0.3080134   0.03913467  0.15068303 -0.2538698 ]
[-0.36212155  0.8004581  -0.09610491 -0.7749642   0.01642137 -0.40980995
  0.08266193  0.18723385 -0.01287052  0.23570324 -0.19991437 -0.08994944
  0.24893177 -0.847841   -0.08082232 -0.11352685  0.29698023  0.16175807
  1.0773352  -0.16877362 -0.1254577  -0.13698348 -0.37843046  0.3870705 ]
[ 0.31305727 -0.92031825 -0.30508184 -0.86235887 -0.16096063  0.31793448
  1.437315    1.3623171  -0.60958546  0.7361159  -0.45718208 -0.187038
 -0.07565641 -0.49153915 -1.0809063  -1.1264944   0.26182422  0.4381093
  0.4743192  -0.3519333   0.17907067  0.24063401 -0.8328902  -1.1086419 ]
[ 1.1630690e-01 -1.1725360e+00 -7.5623697e-01 -1.7173128e-01
 -4.1405693e-02 -3.8350790e-03 -8.3112985e-01  1.9035937e-01
  6.6410327e+00  2.3488102e-02 -2.5177079e-01 -6.6619331e-01
 -7.2851473e-01 -4.7520244e-01 -1.5799810e+00 -1.3001990e+00
  8.4023029e-01 -5.2375388e-01  1.9493207e-01 -9.5743090e-01
  4.7637232e-02  8.5986266e-03  1.4021969e-03  4.2140910e-01]
[-0.24008262 -0.0349262   0.23637368  0.7425295   0.01165938 -0.12065132
  0.02714458 -0.77215654 -0.0703311  -0.0066454  -0.3353231  -0.07111071
  0.4528498   0.56149846 -0.01291381  0.03675056  0.05829329 -0.0898171
 -0.36096826  0.11386589  0.25001088  0.781441    0.12998503 -0.0177946 ]
[ 0.0886681   0.17150877  0.2748381  -0.00918133 -0.13025384  0.11527853
  0.02343763  0.06286483]
[-0.20813003 -0.11174813 -0.04270889 -0.06911737  0.14677794  0.03520035
 -0.01706397  0.11679859]
[ 0.12587193 -0.05213394  0.04010969  0.16183299 -0.23248431 -0.29726654
 -0.24572581  0.0439769 ]
[ 0.10810208  0.05425768 -0.10163161 -0.35584867 -0.27486768  0.05663417
  0.3038291   0.00996258]
[ 0.12032944  0.07588295  0.00668086  0.37623543 -0.07225757  0.03122483
  0.03936021  0.07059623]
[-0.21999638  0.20785671  0.19035721  0.02898153 -0.0137558  -0.08480997
  0.06797964  0.5460429 ]
[-0.20935619 -0.04006821 -0.12341769 -0.33268362 -0.0321635   0.2716577
  0.29953253 -0.08539473]
[-0.32867292  0.32114863  0.00335291  0.09855492 -0.10035421  0.315092
  0.00461178  0.14922528]
[ 0.04624137 -0.03093663  0.45938927 -0.05104364 -0.04154752  0.17677927
  0.22439481 -0.0236595 ]
[ 0.0286747  -0.5749799   0.04218066 -0.01322525 -0.29713735  0.23422363
 -0.24845976  0.00796779]
[-0.28178176 -0.01608739 -0.01993499  0.14952248  0.13118836 -0.26973775
 -0.01268636  0.33213672]
[-0.09785016  0.20415384  0.2580587  -0.08302311  0.05801346 -0.15433049
 -0.12847218 -0.24966274]
[ 0.00978538 -0.24814583 -0.4645941   0.11196696  0.01311574 -0.11216556
 -0.07500489  0.1133038 ]
[ 0.29982474 -0.01740526 -0.43500578 -0.18271223 -0.0278577  -0.280838
  0.23302679 -0.3708056 ]
[ 0.2220267   0.19408563 -0.35677916 -0.05861177 -0.11879178  0.00555757
  0.10762776  0.20398276]
[-0.10419484 -0.01823372  0.13784426  0.19829857 -0.0912859   0.09680879
  0.16890727 -0.01612762]
[ 0.29409027  0.03124649 -0.06869981  0.1665595  -0.03605878  0.12774505
  0.09990687  0.12885776]
[ 0.05467525 -0.3532287   0.1558262   0.21079694  0.29454318  0.19966213
  0.03314173 -0.02423625]
[ 0.04093793  0.22233781  0.15506169  0.03113217  0.12946567  0.15051144
 -0.15696906 -0.32126868]
[ 0.2065024  -0.3532213  -0.07575995 -0.2165668  -0.06012234 -0.22746897
  0.17747794 -0.23097685]
[ 0.20567124 -0.23830152  0.12939319  0.10654017 -0.14712039 -0.05957836
  0.07458015 -0.25337192]
[-0.00472329  0.08796657 -0.1739082  -0.16319276 -0.39264098  0.12024417
  0.10681999 -0.01474106]
[ 0.03335316 -0.09230315 -0.27579916 -0.06069656  0.0811567  -0.07656331
 -0.12502615  0.00735251]
[ 0.02654692 -0.3104401   0.04019818  0.3462108   0.1969158  -0.17003685
  0.16217312  0.07034115]
[-0.2395533  -1.4601573  -0.56528836  0.38171855 -1.144842   -1.13746
  1.0001804  -1.4686059 ]
[-0.13035388 -0.9939759 ]
[ 0.61687934 -1.1050153 ]
[-0.20755781 -0.8280966 ]
[0.7873276  0.13334665]
[-1.192094   1.3821504]
[ 0.73820484 -0.9359085 ]
[ 0.95657367 -0.59628487]
[1.286973   0.09516072]
[ 0.36203527 -0.36202717]
